47407845
26654506
781908679
947306915
2052337
49378762
410413463
627916675
14958479
907282531
450439217
45888169
200027360
4319759
205669836
85565972
46559882
205006171
46942396
200009758
200227048
204956896
204962476
205674069
13835710
45414292
205212203
49337431
205679734
205680923
49283907
41540783
945264
48608609
954465785
625351438
205317616
200182050
336792
3976837
19326685
717688660
116433173
154202510
205107553
205411440
1104643500
204722535
200235473
7019765
417649376
200160379
204763041
4607469
1081253
38203908
48456599
12661078
284657815
63789
651010529
4019638
32687773
204838858
254648096
1012761894
269765816
47477506
383809406
3058006
200024008
327387981
205315277
200098751
79859679
865076391
418092259
200130344
42250822
4184292
272977695
493175519
205209931
200096170
56146
204691349
4012013
3307044
49363915
314945997
204691487
829275
448705597
2711184
200181299
204735494
1743814639
33203242
204925925
49486138
46864880
454683881
363351793
913241662
204934719
919404
675120934
312930743
26224788
46066909
45488204
41838838
441622353
365616731
40738445
200174265
402299814
137026740
478303169
282956645
380244636
25517027
353787169
47277980
200172496
48917233
1129190846
591478961
27471095
38016695
962927899
204837376
14943559
158420
200235177
49067547
204695567
205669154
1063717088
438071800
42841774
205253720
170527916
205236200
303304744
9562942464
43408262
17435366
205670379
3776608
3791711
5296266
200177253
200181331
45576420
204720027
205675902
205688601
44996342
204961437
57630279
204696925
205251865
44877802
204673232
204752351
863987
1534703468
43801247
1275990
452965832
40049860
204980077
205122984
47960804
200183000
675727355
814367255
379679898
205410150
205535979
200020172
51973016
2819458
2971820
45259028
47230514
494059327
96662
47187104
671746116
100001
382101194
9498330
414722701
2690816
205316802
41370894
49502555
26617870
204731975
26862220
205413089
200172722
4043331
821877473
44300327
40991751
782533579
204717382
205681194
205319588
191128319
200161545
46314046
361797195
204950440
45338128
200183180
205137101
360133349
47154952
627387103
204738812
205758208
542654
54235097
46640083
200026298
204739497
4424823
205670915
21852365
1562521
12083
1798046427
205206644
3118107
641230082
1124016157
3216519
204683848
200183431
204732515
205237318
774573529
345332075
83940
38924415
4686407
540651417
204962177
199996777
891380
3263239
204647038
849560636
623709850
49278347
424772783
44034347
2869316
46865549
48729150
41963497
204770234
80210571
205675303
205682279
204832741
46060042
117329535
204885128
47164624
200026404
200024758
46015050
43140004
48496649
204963639
37850253
205315868
200147536
936949473
41998751
205682321
204837261
337554917
200162960
574427497
200130971
278005381
576180362
43937232
17359302
408905627
455123655
779166009
377983111
782453138
49038156
34146293
36230795
200098098
42802514
442504636
2736854
45293003
9093919799
204676494
444563922
354965864
200148204
49157524
205138945
205485146
37384147
3538321
48432783
49059627
47136068
1070986502
1772136914
116475524
38924415
314945997
47477506
204735494
379679898
354965864
79859679
200183180
671746116
2736854
5296266
205209931
651010529
417649376
200096170
45293003
438071800
278005381
49502555
57630279
414722701
40738445
907282531
199996777
1070986502
3058006
45576420
51973016
865076391
200098098
63789
205679734
200182050
200098751
47164624
272977695
205669154
204691349
891380
2819458
204838858
200024008
200235473
205212203
21852365
282956645
410413463
200183431
269765816
1063717088
200009758
919404
200181331
2711184
204770234
380244636
205319588
26654506
204925925
204950440
205253720
418092259
205485146
205206644
936949473
205688601
170527916
424772783
312930743
49067547
37384147
4607469
49486138
493175519
47407845
3263239
204885128
49278347
19326685
205137101
49038156
41370894
200172722
45414292
54235097
204963639
26224788
47230514
205670915
204832741
442504636
2971820
200130344
478303169
641230082
38203908
46942396
26862220
45259028
945264
4686407
3307044
204720027
204752351
9498330
204763041
205413089
45488204
821877473
200227048
204696925
205315277
365616731
41998751
200026298
41963497
46640083
204962177
46314046
154202510
13835710
1104643500
32687773
12661078
4319759
46060042
574427497
204837376
204695567
4043331
200172496
9093919799
1081253
717688660
200026404
14943559
80210571
576180362
336792
205670379
204732515
200174265
48456599
254648096
494059327
36230795
284657815
43408262
85565972
47277980
1129190846
627387103
3538321
44300327
205122984
408905627
402299814
17359302
42250822
48729150
42841774
205682321
49059627
205758208
863987
47154952
204691487
49378762
34146293
205138945
205317616
204647038
4424823
1124016157
46015050
48917233
383809406
204961437
962927899
781908679
191128319
4012013
33203242
345332075
40049860
205681194
44996342
200162960
361797195
200235177
1772136914
37850253
56146
158420
47187104
450439217
100001
205682279
49337431
44877802
675120934
540651417
204722535
1798046427
337554917
200183000
591478961
454683881
204731975
47960804
360133349
83940
327387981
46559882
3776608
542654
200024758
43801247
27471095
2869316
303304744
3216519
40991751
204683848
96662
204738812
200147536
42802514
25517027
38016695
44034347
2690816
205236200
205535979
1562521
205675902
204934719
204717382
204739497
205680923
1743814639
205315868
45888169
12083
353787169
363351793
14958479
45338128
954465785
3791711
200130971
205410150
47136068
9562942464
43937232
200161545
137026740
1012761894
452965832
48608609
774573529
200160379
947306915
205107553
444563922
4184292
200181299
204980077
41540783
623709850
913241662
675727355
48432783
382101194
49283907
26617870
48496649
17435366
205674069
3118107
205251865
200177253
814367255
49363915
627916675
455123655
46864880
41838838
782453138
46066909
205237318
1275990
829275
204837261
204962476
205006171
205316802
205669836
377983111
200027360
448705597
116475524
204673232
4019638
7019765
849560636
117329535
200020172
3976837
782533579
779166009
441622353
2052337
205675303
43140004
200148204
625351438
204956896
205411440
204676494
1534703468
49157524
46865549
116433173
30166791
1623281100
30205451
407193
29773811
7647521663
30195228
93648
29756080
110121403
692883
11002
30126279
1489464722
26997663
2175761853
30127916
25900947
727395
668572260
27121476
50707800
127582785
1513305186
667905801
97129
29776021
26945085
588598
30225532
29758349
49777680
299692
2521436880
347653
13225
727439
694036
110014
110026
29771728
70505
22410
1378499
27043980
27097816
30476961
127561995
12377
29731621
401466
931500
26774033
1524205037
26793157
92878
24412
84108
10008
109228247
720355
26949241
109227642
27163860
298173
9498330
52612076
30146980
42605
671627
1510813272
402725
2285655782
2518852413
1310053
29776624
18997
727130
79098
51973016
43287
622927
8711010502
29771570
95748
30231268
2517753454
362263
471371
8711027288
30159452
845768
2554215131
2510811336
20618
1423193113
863987
33120
11000
1524204762
3595407
30205760
110021
2317457275
54436
1516968329
30171301
110418
670261478
52553689
670345306
643172933
1495708840
1343768
726889
158420
670866293
719384
100001
2517613777
41362045
2522417650
110049
24773958
30178334
29751412
862018
96753
2522418974
26654498
110008
15512
3216519
882018
997063
275586
2520331478
29773113
45122
1101051510
390071
109498
154457
27133303
49768155
96708
44987
35270
29705491
9562942464
30219684
30228188
468665
1101050200
2522880124
83759
112319
43312
10962
1657236035
670563815
4008353331
10637
50592555
726694
538938
30203236
5615336
27069070
6874741
46103172
26384741
30228080
1478594087
29715608
81090015
4160029
30545762
25169
52018
669885213
7019765
670987212
2523364763
170177
110019
10018
668122303
347287
15665
136192
623617
5296266
3880411
117362120
40535
105419186
116921545
117625902
112560608
119418647
620036
118996878
117831678
535104266
116859899
111518609
47225
142121
120392115
114836471
119307290
117854003
111811421
118639071
256455
119028
117389860
87033
593151
117514025
135522
20683
111549284
103620551
119202205
111524051
103688629
118998480
293845
33147
9093919799
277644
120251742
117288631
51973016
114047739
630120
117961601
128155
117608772
117587186
218435
56146
158420
100001
629679
119956394
629678
629674
83940
629682
49871772
46405
542654
31017
20361
115677963
118966202
117117505
340050
112194417
340653
113553500
941997
118012934
119886856
9562942464
117518168
629794
410326
117650872
110163
118018629
72290
20972
117176838
116178586
140753
117517240
119390215
200046
7019765
117660202
66556
115292012
106295822
117824198
25163
26398
118990352
117505379
61752931
26740258
5296266
36715930
59289474
941871
22644
1335623010
979797
36714788
12214968
89380
149796298
4321640
6827727
282956645
36716039
2521625065
26642041
4402152
671288818
454545
2975545
27133429
379071
20720
635202
2151633260
10792650
9216408
4587616
5395263
37905
2506935748
13547
3574615
3023368
9381264
132581
23024695
601699
126719221
26186231
27707796
64231218
27708255
141728823
24736278
58762
77323
3013779
134151
94342
30828545
77046
845491513
29765147
1456202
5247076
30216067
2231672392
4012013
29625569
158420
56146
100001
2261493682
74895
135641
666666
29211385
1517424
25744626
29736551
542654
187611
27088039
2375051531
292703
29764562
29611558
1335581569
12296
23600440
77693
43054189
11635613
2331800893
80650
28508411
145233103
40596
2531978623
30191448
9562942464
212873
4644120
2165465692
662833925
225607
982000
27239734
2502311890
236609
26773744
68970
26201995
475424
6082657
72424
61754987
12038413
37538334
27594833
3842629
148174
25933898
26932828
54481911
28614507
2160034473
3055649
7019765
524639
25837262
29762256
424242
96582
48267
26877106
71160321
457352523
68862082
1034078299
53742110
465306133
2402914235
507752915
5296266
444966089
457327615
306376661
59546193
59749285
39290253
46546336
464500331
71578250
515141243
291814286
521884500
54249179
20081215
670068197
63789
282301029
445848352
598067494
891380
461702317
42458367
464508324
462498266
1253589120
919404
69731420
50419700
66140727
67282634
46495704
547024179
931889913
1034182769
445791834
47821976
514399623
445983718
34347679
457343223
461596140
466384313
296173799
464538329
429667683
893095629
3185889
64380136
26862220
308276694
492567587
40075202
68818916
521884463
461701584
9498330
61105108
1163067184
970691564
52047304
635588951
12661078
46352755
41207174
44028484
123642111
9093919799
747422619
465304774
58126434
429727944
67938697
51973016
542007420
457360866
17359302
457333501
1204732707
447887013
863987
1007707385
1418086022
445066168
995781219
465174134
71552506
56146
158420
594358203
100001
1824111578
49161135
15111
69733444
731439771
63714797
446269913
4966074
592082002
446233156
83940
39850764
303120901
44530629
334287540
429670505
542654
515090794
592193812
807378803
3216519
71572880
204683848
96662
514975788
164094501
363772314
467023375
429687533
61840254
81372241
443126097
1892327
12083
430626595
956651844
960995986
9562942464
46801748
446233295
445859396
52636563
506979206
446169558
507754580
462256271
68494213
457361201
1334071613
457340126
48432783
137990973
49176647
457336595
48353202
506963332
57226447
429651478
70476361
39793620
448534
69809179
214593935
63350626
568117861
116475524
506981434
64363823
53951006
2865284214
464518008
66536763
20688554
7019765
117329535
63679262
61019516
57541332
465299395
275682782
457327188
515693788
2837021
47373951
431414683
906123347
190794229
497415653
6641248
29859063
26593587
136100
5296266
308888
38027793
941871
22644
83305
979797
1233038
1292659
128828
226886
89380
4321640
26872051
36295865
27005756
11603071
143123
4402152
1004318
123350
454545
1182135
635202
25807345
25788697
10036
141979050
171018
9216408
136875
37905
134798
75756
1293643
648986467
2129121
93689
23950325
26813221
75354
568188143
4258808
2123439
58762
26799731
77323
94342
1032989
108862
3950606
77046
845491513
79339
1305725
31993149
158420
56146
100001
6798611
666666
1517424
542654
96749582
344534
154066421
1326842
6712407
11635613
121543
1297036
26612510
10828002
80650
1589865
81392
40596
219884110
9562942464
4908885
30002233
4845933
32922
17435366
68970
475424
15721025
4935955
148174
2969282
830496
7019765
8476157
374601
3071717
524639
120314
1784639
57425
424242
96582
48267
71160321
457352523
68862082
1034078299
53742110
465306133
2402914235
507752915
5296266
444966089
457327615
306376661
59546193
59749285
39290253
46546336
464500331
71578250
515141243
291814286
521884500
54249179
20081215
670068197
63789
282301029
445848352
598067494
891380
461702317
42458367
464508324
462498266
1253589120
919404
69731420
50419700
66140727
67282634
46495704
547024179
931889913
1034182769
445791834
47821976
514399623
445983718
34347679
457343223
461596140
466384313
296173799
464538329
429667683
893095629
3185889
64380136
26862220
308276694
492567587
40075202
68818916
521884463
461701584
9498330
205413089
61105108
1163067184
970691564
52047304
635588951
12661078
46352755
41207174
44028484
123642111
9093919799
747422619
465304774
58126434
429727944
67938697
51973016
542007420
457360866
17359302
457333501
1204732707
447887013
863987
1007707385
1418086022
445066168
995781219
465174134
71552506
56146
158420
594358203
100001
1824111578
49161135
15111
69733444
731439771
63714797
446269913
4966074
592082002
446233156
83940
39850764
303120901
44530629
334287540
429670505
542654
515090794
592193812
807378803
3216519
71572880
96662
514975788
164094501
363772314
467023375
429687533
61840254
81372241
443126097
1892327
12083
430626595
956651844
960995986
9562942464
46801748
446233295
445859396
52636563
506979206
446169558
507754580
462256271
68494213
457361201
1334071613
457340126
48432783
137990973
49176647
457336595
48353202
506963332
57226447
429651478
70476361
39793620
448534
69809179
214593935
63350626
568117861
116475524
506981434
64363823
53951006
2865284214
464518008
66536763
20688554
7019765
117329535
63679262
61019516
57541332
465299395
275682782
457327188
515693788
2837021
47373951
431414683
906123347
190794229
497415653
6641248
1795629
48917233
37905
31548
106469
5296266
596373
26322644
39338
158420
56146
100001
941871
174869
22644
290982
979797
68732
108048
2458656244
18087
68970
475424
56368
330783
596372
89380
4321640
666666
1517424
259197
542654
148174
10710654
58762
3005775
761848
596450
6383557
106659
77323
4402152
86576
4485867
94342
524639
11635613
47660
454545
5292912
146529
635202
80650
77046
97216
433306
424242
7019765
845491513
53129
596460
9216408
40596
96582
9562942464
48267
71160321
457352523
68862082
1034078299
53742110
465306133
2402914235
507752915
5296266
444966089
457327615
306376661
59546193
59749285
39290253
46546336
464500331
71578250
515141243
291814286
521884500
54249179
20081215
670068197
63789
282301029
445848352
598067494
891380
461702317
42458367
464508324
462498266
1253589120
919404
69731420
50419700
66140727
67282634
46495704
547024179
931889913
1034182769
445791834
47821976
514399623
445983718
34347679
457343223
461596140
466384313
296173799
464538329
429667683
893095629
3185889
64380136
26862220
308276694
492567587
40075202
68818916
521884463
461701584
9498330
61105108
1163067184
970691564
52047304
635588951
12661078
46352755
41207174
44028484
123642111
9093919799
747422619
465304774
58126434
429727944
67938697
51973016
542007420
457360866
17359302
457333501
1204732707
447887013
863987
205138945
1007707385
1418086022
445066168
995781219
465174134
71552506
56146
158420
594358203
100001
1824111578
49161135
15111
69733444
731439771
63714797
446269913
4966074
592082002
446233156
83940
39850764
303120901
44530629
334287540
429670505
542654
515090794
592193812
807378803
3216519
71572880
96662
514975788
164094501
363772314
467023375
429687533
61840254
81372241
443126097
1892327
12083
430626595
956651844
960995986
9562942464
46801748
446233295
445859396
52636563
506979206
446169558
507754580
462256271
68494213
457361201
1334071613
457340126
48432783
137990973
49176647
457336595
48353202
506963332
57226447
429651478
70476361
39793620
448534
69809179
214593935
63350626
568117861
116475524
506981434
64363823
53951006
2865284214
464518008
66536763
20688554
7019765
117329535
63679262
61019516
57541332
465299395
275682782
457327188
515693788
2837021
47373951
431414683
906123347
190794229
497415653
6641248
56789
456789
117614738
109204009
118103717
623617
5296266
136148
116459599
126264
119157604
84100
595530
117216775
111518609
37541
117014729
117169613
304192
117204283
77699
117992196
10036
117033709
633608
121879
165425402
116516139
118995291
124778
394322
117117423
17328
240355
113909664
88100
33806
392921
87100
113753018
395746
9093919799
116481870
51973016
117361166
596361
118303727
562227
119113052
116266383
116686023
577418
16720
56760
871609
635837
54332
117939361
117118431
22570
117554110
117562215
118124664
56146
158420
100001
117212629
629678
12062
83940
620174
117180519
542654
117266214
117516358
117030063
117573134
462967
117847910
116176464
102403
115624298
10446
596338
149747
9562942464
586674
153517
9020180601
471131
160214
14832
119969585
118018629
111103020
26382
111805704
635907
117176838
635661
106341054
119134289
521120
116830142
117566225
15137
22850
200046
7019765
116085529
629675
117136349
117856794
115774952
56789
456789
200183180
5296266
137026740
354965864
205411440
254648096
1124016157
46640083
44300327
205669836
204837261
4012013
205319588
205237318
454683881
48608609
205680923
54235097
478303169
48456599
34146293
96662
204962476
4319759
48729150
45888169
19326685
675120934
200024758
962927899
47407845
627916675
44034347
1063717088
204763041
49278347
204770234
43937232
204720027
4607469
200130344
199996777
43140004
45576420
204739497
205253720
4019638
204647038
204925925
45414292
49157524
200235177
205006171
204950440
205681194
272977695
47960804
204832741
623709850
3776608
4043331
44877802
48917233
200172496
284657815
44996342
56146
116475524
2711184
336792
205670915
205209931
3263239
204691487
365616731
814367255
377983111
204956896
591478961
576180362
2690816
3791711
205758208
47136068
205212203
205670379
4686407
945264
38203908
337554917
38016695
41540783
627387103
444563922
200174265
438071800
204838858
26617870
1070986502
913241662
7019765
47477506
204980077
774573529
205138945
542654
1798046427
417649376
865076391
46559882
46314046
410413463
200235473
26224788
205485146
418092259
891380
204752351
204963639
314945997
327387981
17359302
781908679
205315277
42250822
48496649
200148204
14958479
48432783
954465785
200177253
205137101
200098751
32687773
204717382
205679734
200181299
3307044
353787169
33203242
205316802
200130971
36230795
158420
493175519
205674069
49363915
45259028
1743814639
3976837
200009758
38924415
782533579
382101194
625351438
1772136914
46066909
9093919799
383809406
779166009
1081253
442504636
43801247
49283907
363351793
116433173
41998751
41370894
204732515
200098098
821877473
282956645
414722701
204837376
204691349
57630279
200183431
494059327
200020172
2971820
63789
1562521
2736854
2869316
49059627
47230514
42802514
45488204
49038156
191128319
12661078
47187104
361797195
782453138
3538321
25517027
675727355
204738812
49502555
9498330
200162960
43408262
200024008
204696925
40049860
204735494
2819458
49337431
46942396
205535979
205688601
37384147
269765816
205682321
919404
829275
79859679
205122984
26862220
452965832
278005381
947306915
205317616
205675902
360133349
200026404
1275990
46864880
1534703468
200027360
200026298
200160379
651010529
4184292
312930743
345332075
717688660
12083
205315868
671746116
4424823
40738445
2052337
205410150
49378762
200181331
641230082
47164624
402299814
26654506
907282531
204961437
204731975
540651417
41838838
46865549
40991751
21852365
204885128
204695567
204962177
936949473
204683848
49486138
17435366
45293003
83940
13835710
51973016
3216519
455123655
14943559
204676494
200096170
424772783
450439217
45338128
49067547
849560636
380244636
200172722
863987
200182050
200183000
154202510
46060042
200161545
3058006
441622353
27471095
47154952
41963497
205675303
1012761894
170527916
204673232
80210571
37850253
205206644
205682279
200147536
204934719
9562942464
205669154
1104643500
303304744
204722535
205236200
47277980
1129190846
100001
205413089
408905627
117329535
379679898
574427497
46015050
85565972
448705597
200227048
3118107
205107553
42841774
205251865
574209
20000
828282
88446
12000
114131
429687533
5296266
807378803
52047304
69731420
40075202
50419700
291814286
445859396
465174134
429727944
57226447
445066168
444966089
506963332
443126097
61019516
457336595
492567587
67938697
547024179
6641248
164094501
96662
457352523
515090794
431414683
47373951
445983718
46546336
429651478
970691564
61840254
461702317
58126434
457361201
592082002
39793620
47821976
81372241
514399623
64380136
39290253
61105108
462498266
429670505
48353202
461701584
59749285
542007420
52636563
54249179
906123347
465306133
56146
116475524
446233156
20688554
506981434
429667683
69809179
521884500
214593935
598067494
457360866
7019765
446233295
464538329
514975788
542654
49161135
457333501
995781219
931889913
430626595
42458367
69733444
190794229
891380
1253589120
71552506
17359302
48432783
66140727
39850764
445791834
67282634
44530629
63350626
506979206
158420
1418086022
497415653
1204732707
68862082
15111
3185889
1824111578
71578250
9093919799
1034078299
635588951
1334071613
34347679
465299395
467023375
59546193
20081215
63679262
46801748
63789
594358203
49176647
71572880
446269913
2402914235
507754580
12661078
53951006
1163067184
2837021
68494213
9498330
1007707385
960995986
68818916
445848352
447887013
568117861
919404
747422619
461596140
4966074
26862220
1892327
53742110
464500331
296173799
308276694
465304774
363772314
12083
282301029
448534
466384313
41207174
306376661
515141243
457327615
51973016
83940
303120901
1034182769
457340126
464508324
44028484
3216519
457327188
334287540
893095629
70476361
863987
515693788
275682782
462256271
123642111
46352755
66536763
956651844
670068197
137990973
507752915
731439771
457343223
592193812
200147536
9562942464
46495704
464518008
64363823
63714797
57541332
100001
117329535
71160321
521884463
446169558
2865284214
56789
456789
46640083
93408
494949
80089
528641
56789
456789
5296266
26928304
3711772
1805354637
424242
54973750
1453341
325171
42424952
282408
2523431260
1015767
26984013
30035647
25732090
25927824
89380
29661490
2315734512
2455420497
475424
27599483
11621652
80650
941871
27119292
1382601
24574862
11038343
22708648
4460106
1449763371
26631026
104562976
27602142
163296676
56146
412507
42795066
10863859
27373436
9216408
882017
15570
454545
28305676
58762
35417
25720
45744462
882016
7019765
2520331478
459545990
2216966
148174
39447536
132551
27061805
26806780
542654
20429677
29616411
1419479
36748282
635202
666666
2503127230
40596
11448381
1316606
24321344
27616024
158420
43517998
74696
51610855
94342
845491513
2513049079
10233
4402152
740410
43526409
130142670
131104
54443264
171204
48267
10863835
524639
2160527
27079433
25715245
1287181
3538321
36997941
68970
1517424
6797396
8965894
27607584
98167
1658115487
4321640
78173
27082920
37905
2456361506
369064
19975377
5553572146
29494985
27133303
12528
1375800
28541447
1015534
22644
421178
11635613
96582
26266892
15563
1422091
26753594
30167129
1829347
30405153
2521436620
9562942464
39243118
10432951
44331511
100001
77046
979797
77323
56789
456789
429687533
5296266
807378803
52047304
69731420
40075202
50419700
291814286
445859396
465174134
429727944
57226447
445066168
444966089
506963332
443126097
61019516
457336595
492567587
67938697
547024179
6641248
164094501
96662
457352523
515090794
431414683
47373951
445983718
46546336
429651478
970691564
61840254
461702317
58126434
457361201
592082002
39793620
47821976
81372241
514399623
64380136
39290253
61105108
462498266
429670505
48353202
461701584
59749285
542007420
52636563
54249179
906123347
465306133
56146
116475524
446233156
20688554
506981434
429667683
69809179
521884500
214593935
598067494
457360866
7019765
446233295
464538329
514975788
542654
49161135
457333501
995781219
931889913
430626595
42458367
69733444
190794229
891380
1253589120
71552506
17359302
48432783
66140727
39850764
445791834
67282634
44530629
63350626
506979206
158420
1418086022
497415653
1204732707
68862082
15111
3185889
1824111578
71578250
9093919799
1034078299
635588951
1334071613
34347679
465299395
467023375
59546193
20081215
63679262
46801748
63789
594358203
49176647
71572880
446269913
2402914235
507754580
12661078
53951006
1163067184
2837021
68494213
204738812
9498330
1007707385
960995986
68818916
445848352
447887013
568117861
919404
747422619
461596140
4966074
26862220
1892327
53742110
464500331
296173799
308276694
465304774
363772314
12083
282301029
448534
466384313
41207174
306376661
515141243
457327615
51973016
83940
303120901
1034182769
457340126
464508324
44028484
3216519
457327188
334287540
893095629
70476361
863987
515693788
275682782
462256271
123642111
46352755
66536763
956651844
670068197
137990973
507752915
731439771
457343223
592193812
9562942464
46495704
464518008
64363823
63714797
57541332
100001
117329535
71160321
521884463
446169558
2865284214
5296266
424242
16232119
4738592
1670642
105808583
1819782
595530
3874990
896199646
89380
21755609
1950060
66105621
475424
42150
80650
941871
2803057
75965
11143515
2132473
3992381
15610220
1921715
20388224
85288538
23204102
22872196
56146
77895601
388999241
3752893
9216408
3773074
11502153
454545
58762
3200292
1924411
1967258
7019765
69593
294735
148174
4157881
71846
1263539772
542654
63795543
54363413
1686249659
49579
1484811
58919033
11299422
635202
93637
666666
2326719
3530403
1719175505
69237
40596
3803411
4712795
498875
25133
6810716
6907470
1264668362
158420
121480
1218657
94342
2848721
1926700
845491513
4402152
3017125
2251943
2609483
2971820
48267
524639
866037
19126200
1867367724
1454261925
2845315
98160
2407347002
1767945
3395373
3012103
68970
1517424
6040982
16077859
4039591
1175396
4321640
1928640
1937639715
1408468
2139305
37905
1827170
43565960
3875571
1114461
15422045
253069
98018
284541928
3442386
64180843
2968874
195166
71580184
22644
101652134
69519
6786002
2998092
1965977
11635613
2199597040
10463008
20469733
96582
3907325
61099765
4781972
37541
1915547683
14681911
9562942464
1706428744
100001
3903608
488441
77046
979797
77323
45576420
93408
494949
80089
528641
1562521
93408
494949
80089
528641
56789
456789
429687533
5296266
807378803
52047304
69731420
40075202
50419700
291814286
445859396
465174134
429727944
57226447
445066168
444966089
506963332
443126097
61019516
457336595
492567587
67938697
547024179
6641248
164094501
96662
457352523
515090794
431414683
47373951
445983718
46546336
429651478
970691564
61840254
461702317
58126434
457361201
592082002
39793620
47821976
81372241
514399623
64380136
39290253
61105108
462498266
429670505
48353202
461701584
59749285
542007420
52636563
54249179
906123347
465306133
56146
116475524
446233156
20688554
506981434
429667683
69809179
521884500
214593935
598067494
457360866
7019765
446233295
464538329
514975788
542654
49161135
457333501
995781219
931889913
430626595
42458367
69733444
190794229
891380
1253589120
71552506
17359302
48432783
66140727
39850764
445791834
67282634
44530629
63350626
506979206
158420
1418086022
497415653
1204732707
68862082
15111
3185889
1824111578
71578250
9093919799
1034078299
635588951
1334071613
34347679
465299395
467023375
59546193
20081215
63679262
46801748
63789
594358203
49176647
71572880
446269913
2402914235
507754580
12661078
53951006
1163067184
2837021
68494213
9498330
1007707385
960995986
68818916
445848352
447887013
568117861
919404
747422619
461596140
4966074
26862220
1892327
53742110
464500331
296173799
308276694
465304774
363772314
12083
282301029
448534
466384313
41207174
306376661
515141243
457327615
51973016
83940
303120901
1034182769
457340126
464508324
44028484
3216519
457327188
334287540
893095629
70476361
863987
515693788
275682782
462256271
123642111
46352755
66536763
956651844
670068197
137990973
507752915
731439771
457343223
592193812
9562942464
46495704
464518008
64363823
63714797
57541332
100001
117329535
71160321
521884463
446169558
2865284214
5296266
94342
20757010
10594470
845491513
4385167
424242
95225
4402152
57192703
5256646
32389100
134320837
9216408
22302949
718075
454545
544579033
48710
6589353
58762
106336
27919161
10524253
177866
17982
48267
11029
84299803
7019765
524639
140031445
48806
148174
121253
91464689
542654
84923
22644
96582
11635613
89380
27971974
149176
141249914
68970
28011227
3552328
475424
1517424
635202
42250822
80650
941871
27938975
666666
79518386
11577
60771
18001655
40596
14609528
9562942464
130201587
106929
108888
21910852
4321640
100001
158420
77046
14589751
131731303
37905
56146
979797
77323
93408
494949
80089
528641
49486138
5296266
117204283
124778
117992196
116516139
29086
595530
66879
85093
195701
16268
635661
96484
151932
116176464
200046
117573134
117554110
117516358
586674
31836
349665
117117423
45052
111103020
56146
117266214
117136349
14024
118124664
117180519
16415
117169613
7019765
116085529
117030063
116266383
542654
562227
117361166
629678
117856794
117216775
596361
204991
327665
119113052
158420
16982
119134289
164453
115774952
633608
635907
116830142
258280
87100
111518609
9093919799
116481870
111805704
118018629
117614738
113753018
227850
119969585
84100
635837
293845
42815
165425402
106341054
117566225
9020180601
117939361
117562215
620174
88100
18417
117014729
98227
10036
32643
118303727
752435
78173
623617
115624298
117847910
558815
117033709
25163
118103717
51931
527998
205852
51973016
83940
596338
118995291
119157604
60772
42328
109204009
219065
88324
117212629
117118431
629675
14832
106955
37541
9562942464
113909664
116459599
117176838
100001
116686023
140393
429687533
5296266
807378803
52047304
69731420
40075202
50419700
291814286
445859396
465174134
429727944
57226447
445066168
444966089
506963332
443126097
61019516
457336595
492567587
67938697
547024179
6641248
164094501
96662
457352523
515090794
431414683
47373951
445983718
46546336
429651478
970691564
61840254
461702317
58126434
457361201
592082002
39793620
47821976
81372241
514399623
64380136
39290253
61105108
462498266
429670505
48353202
461701584
59749285
542007420
52636563
54249179
906123347
465306133
56146
116475524
446233156
20688554
506981434
429667683
69809179
521884500
214593935
598067494
457360866
7019765
446233295
464538329
514975788
542654
49161135
457333501
995781219
931889913
430626595
42458367
69733444
190794229
891380
1253589120
71552506
17359302
48432783
66140727
39850764
445791834
67282634
44530629
63350626
506979206
158420
1418086022
497415653
1204732707
68862082
15111
3185889
1824111578
71578250
9093919799
1034078299
635588951
1334071613
34347679
465299395
467023375
59546193
20081215
63679262
46801748
63789
594358203
49176647
71572880
446269913
2402914235
507754580
12661078
53951006
1163067184
2837021
68494213
9498330
1007707385
960995986
68818916
445848352
447887013
568117861
919404
747422619
461596140
4966074
26862220
1892327
53742110
464500331
296173799
308276694
465304774
363772314
12083
282301029
448534
466384313
41207174
306376661
515141243
457327615
51973016
83940
303120901
1034182769
457340126
464508324
44028484
3216519
457327188
204676494
334287540
893095629
70476361
863987
515693788
275682782
462256271
123642111
46352755
66536763
956651844
670068197
137990973
507752915
731439771
457343223
592193812
9562942464
46495704
464518008
64363823
63714797
57541332
100001
117329535
71160321
521884463
446169558
2865284214
56789
456789
429687533
5296266
807378803
52047304
69731420
40075202
50419700
291814286
445859396
465174134
429727944
57226447
445066168
444966089
506963332
443126097
61019516
457336595
492567587
67938697
547024179
6641248
164094501
96662
457352523
515090794
431414683
47373951
445983718
46546336
429651478
970691564
61840254
461702317
58126434
457361201
592082002
39793620
47821976
81372241
514399623
64380136
39290253
61105108
462498266
429670505
48353202
461701584
59749285
542007420
52636563
54249179
906123347
465306133
56146
116475524
446233156
20688554
506981434
429667683
69809179
521884500
214593935
598067494
457360866
7019765
446233295
464538329
514975788
542654
49161135
457333501
995781219
931889913
430626595
42458367
69733444
190794229
891380
1253589120
71552506
17359302
48432783
66140727
39850764
445791834
67282634
44530629
63350626
506979206
158420
1418086022
497415653
1204732707
68862082
15111
3185889
1824111578
71578250
9093919799
1034078299
635588951
1334071613
34347679
204691349
465299395
467023375
59546193
20081215
63679262
46801748
63789
594358203
49176647
71572880
446269913
2402914235
507754580
12661078
53951006
1163067184
2837021
68494213
9498330
1007707385
960995986
68818916
445848352
447887013
568117861
919404
747422619
461596140
4966074
26862220
1892327
53742110
464500331
296173799
308276694
465304774
363772314
12083
282301029
448534
466384313
41207174
306376661
515141243
457327615
51973016
83940
303120901
1034182769
457340126
464508324
44028484
3216519
457327188
334287540
893095629
70476361
863987
515693788
275682782
462256271
123642111
46352755
66536763
956651844
670068197
137990973
507752915
731439771
457343223
592193812
9562942464
46495704
464518008
64363823
63714797
57541332
100001
117329535
71160321
521884463
446169558
2865284214
429687533
5296266
807378803
52047304
69731420
40075202
50419700
291814286
445859396
465174134
429727944
57226447
445066168
444966089
506963332
443126097
61019516
457336595
492567587
67938697
547024179
6641248
164094501
96662
457352523
515090794
431414683
47373951
445983718
46546336
429651478
970691564
61840254
461702317
58126434
457361201
592082002
39793620
47821976
81372241
514399623
64380136
39290253
61105108
462498266
429670505
48353202
461701584
59749285
542007420
52636563
54249179
906123347
465306133
56146
116475524
446233156
20688554
506981434
429667683
69809179
521884500
214593935
598067494
457360866
7019765
446233295
464538329
514975788
542654
49161135
457333501
995781219
931889913
430626595
42458367
69733444
190794229
891380
1253589120
71552506
17359302
48432783
66140727
39850764
200098751
445791834
67282634
44530629
63350626
506979206
158420
1418086022
497415653
1204732707
68862082
15111
3185889
1824111578
71578250
9093919799
1034078299
635588951
1334071613
34347679
465299395
467023375
59546193
20081215
63679262
46801748
63789
594358203
49176647
71572880
446269913
2402914235
507754580
12661078
53951006
1163067184
2837021
68494213
9498330
1007707385
960995986
68818916
445848352
447887013
568117861
919404
747422619
461596140
4966074
26862220
1892327
53742110
464500331
296173799
308276694
465304774
363772314
12083
282301029
448534
466384313
41207174
306376661
515141243
457327615
51973016
83940
303120901
1034182769
457340126
464508324
44028484
3216519
457327188
334287540
893095629
70476361
863987
515693788
275682782
462256271
123642111
46352755
66536763
956651844
670068197
137990973
507752915
731439771
457343223
592193812
9562942464
46495704
464518008
64363823
63714797
57541332
100001
117329535
71160321
521884463
446169558
2865284214
429687533
5296266
807378803
52047304
69731420
40075202
50419700
291814286
445859396
465174134
429727944
57226447
445066168
444966089
506963332
443126097
61019516
457336595
492567587
67938697
547024179
6641248
164094501
96662
457352523
515090794
431414683
47373951
445983718
46546336
429651478
970691564
61840254
461702317
58126434
457361201
592082002
39793620
47821976
81372241
514399623
200235177
64380136
39290253
61105108
462498266
429670505
48353202
461701584
59749285
542007420
52636563
54249179
906123347
465306133
56146
116475524
446233156
20688554
506981434
429667683
69809179
521884500
214593935
598067494
457360866
7019765
446233295
464538329
514975788
542654
49161135
457333501
995781219
931889913
430626595
42458367
69733444
190794229
891380
1253589120
71552506
17359302
48432783
66140727
39850764
445791834
67282634
44530629
63350626
506979206
158420
1418086022
497415653
1204732707
68862082
15111
3185889
1824111578
71578250
9093919799
1034078299
635588951
1334071613
34347679
465299395
467023375
59546193
20081215
63679262
46801748
63789
594358203
49176647
71572880
446269913
2402914235
507754580
12661078
53951006
1163067184
2837021
68494213
9498330
1007707385
960995986
68818916
445848352
447887013
568117861
919404
747422619
461596140
4966074
26862220
1892327
53742110
464500331
296173799
308276694
465304774
363772314
12083
282301029
448534
466384313
41207174
306376661
515141243
457327615
51973016
83940
303120901
1034182769
457340126
464508324
44028484
3216519
457327188
334287540
893095629
70476361
863987
515693788
275682782
462256271
123642111
46352755
66536763
956651844
670068197
137990973
507752915
731439771
457343223
592193812
9562942464
46495704
464518008
64363823
63714797
57541332
100001
117329535
71160321
521884463
446169558
2865284214
5296266
7019765
1517424
941871
100001
158420
542654
56146
9562942464
429687533
5296266
807378803
52047304
69731420
40075202
50419700
291814286
445859396
465174134
429727944
57226447
445066168
444966089
506963332
443126097
61019516
457336595
492567587
67938697
547024179
6641248
164094501
96662
457352523
515090794
431414683
47373951
445983718
46546336
429651478
970691564
61840254
461702317
58126434
457361201
592082002
39793620
47821976
81372241
514399623
204950440
64380136
39290253
61105108
462498266
429670505
48353202
461701584
59749285
542007420
52636563
54249179
906123347
465306133
56146
116475524
446233156
20688554
506981434
429667683
69809179
521884500
214593935
598067494
457360866
7019765
446233295
464538329
514975788
542654
49161135
457333501
995781219
931889913
430626595
42458367
69733444
190794229
891380
1253589120
71552506
17359302
48432783
66140727
39850764
445791834
67282634
44530629
63350626
506979206
158420
1418086022
497415653
1204732707
68862082
15111
3185889
1824111578
71578250
9093919799
1034078299
635588951
1334071613
34347679
465299395
467023375
59546193
20081215
63679262
46801748
63789
594358203
49176647
71572880
446269913
2402914235
507754580
12661078
53951006
1163067184
2837021
68494213
9498330
1007707385
960995986
68818916
445848352
447887013
568117861
919404
747422619
461596140
4966074
26862220
1892327
53742110
464500331
296173799
308276694
465304774
363772314
12083
282301029
448534
466384313
41207174
306376661
515141243
457327615
51973016
83940
303120901
1034182769
457340126
464508324
44028484
3216519
457327188
334287540
893095629
70476361
863987
515693788
275682782
462256271
123642111
46352755
66536763
956651844
670068197
137990973
507752915
731439771
457343223
592193812
9562942464
46495704
464518008
64363823
63714797
57541332
100001
117329535
71160321
521884463
446169558
2865284214
56789
456789
2016091416
52132883
2016062811
2017012100
58260
53800
4916747
58137656
2017011509
454782
5327232
82992
2016032315
42633
55037378
53999
2016072515
2016102015
7566793
118318
54500
49492901
12315635
85769
4049561
3123068
61841
61757577
2192485
16046443
2016110708
58561682
2017011517
36339756
46553725
2016123015
45001702
32106551
2016122318
108288
53000
2016120711
5468801972
2016041216
2017011618
118172
574057
57113816
2016053020
2017011612
2016122722
2016112819
53599
24478858
72242
2016112412
5849278
8383721
72069058
53480
51194095
17535940
118254
118281
6135336
33292666
108296
5296266
424242
56700
649141235
2346994
3726239
3251793
27089850
1664228
122449436
218717
1003148
3438273
1017527
3745292
89380
1402201
51828941
2008267
475424
80650
941871
616165318
2991771
5344178
758178913
4259068
97287630
2196652087
3199707
50487
1668507
56146
9497761
4739952
2986942
828552028
1521593812
9216408
58835
4714663
3310341
3791711
454545
58762
1467153
3574559
7019765
148174
542654
79536513
2377941764
10778059
1261665
635202
666666
1025243
777795291
40596
3264192
3756549
5972899
158420
3250510
10863455
94342
106776
845491513
197332
4402152
4773105
925355282
3389933
49063009
48267
524639
98200
1292219
32758344
5487463
1505312273
62343924
1308820
68970
1517424
3225924
145327
1798557
1090044
2191270045
4321640
117288
37905
3023399
28408382
1796053
3703198
6320277
30473660
1167988
10354400
27692871
163154
3127568
3341606
22644
11635613
2360400
96582
2286005
913704998
30214
3737102
29496700
9562942464
101885035
106738
30232
59657483
79999897
3321977
3156879
100001
77046
89275
4043763
979797
1167199
77323
56789
456789
429687533
5296266
807378803
52047304
69731420
40075202
50419700
291814286
445859396
465174134
429727944
57226447
445066168
444966089
506963332
443126097
61019516
457336595
492567587
67938697
547024179
6641248
164094501
96662
457352523
515090794
431414683
47373951
445983718
46546336
429651478
970691564
61840254
461702317
58126434
457361201
592082002
39793620
47821976
81372241
514399623
64380136
39290253
61105108
462498266
429670505
48353202
461701584
59749285
542007420
52636563
54249179
906123347
465306133
56146
116475524
446233156
20688554
506981434
429667683
69809179
521884500
214593935
598067494
457360866
7019765
446233295
464538329
514975788
542654
49161135
457333501
995781219
931889913
430626595
42458367
69733444
190794229
891380
1253589120
71552506
17359302
48432783
66140727
39850764
445791834
200181299
67282634
44530629
63350626
506979206
158420
1418086022
497415653
1204732707
68862082
15111
3185889
1824111578
71578250
9093919799
1034078299
635588951
1334071613
34347679
465299395
467023375
59546193
20081215
63679262
46801748
63789
594358203
49176647
71572880
446269913
2402914235
507754580
12661078
53951006
1163067184
2837021
68494213
9498330
1007707385
960995986
68818916
445848352
447887013
568117861
919404
747422619
461596140
4966074
26862220
1892327
53742110
464500331
296173799
308276694
465304774
363772314
12083
282301029
448534
466384313
41207174
306376661
515141243
457327615
51973016
83940
303120901
1034182769
457340126
464508324
44028484
3216519
457327188
334287540
893095629
70476361
863987
515693788
275682782
462256271
123642111
46352755
66536763
956651844
670068197
137990973
507752915
731439771
457343223
592193812
9562942464
46495704
464518008
64363823
63714797
57541332
100001
117329535
71160321
521884463
446169558
2865284214
56789
456789
429687533
5296266
807378803
52047304
69731420
40075202
50419700
291814286
445859396
465174134
429727944
57226447
445066168
444966089
506963332
443126097
61019516
457336595
492567587
67938697
547024179
6641248
164094501
96662
457352523
515090794
431414683
47373951
445983718
46546336
429651478
970691564
61840254
461702317
58126434
457361201
592082002
39793620
47821976
81372241
514399623
64380136
39290253
61105108
462498266
429670505
48353202
461701584
59749285
542007420
52636563
54249179
906123347
465306133
56146
116475524
446233156
20688554
506981434
429667683
69809179
521884500
214593935
598067494
457360866
7019765
446233295
464538329
514975788
542654
49161135
457333501
995781219
931889913
430626595
42458367
69733444
190794229
891380
1253589120
71552506
17359302
48432783
66140727
39850764
445791834
67282634
44530629
63350626
506979206
158420
1418086022
497415653
1204732707
68862082
15111
3185889
1824111578
71578250
9093919799
1034078299
635588951
1334071613
34347679
465299395
467023375
59546193
20081215
63679262
46801748
63789
594358203
49176647
71572880
446269913
2402914235
507754580
12661078
53951006
1163067184
2837021
68494213
9498330
1007707385
960995986
68818916
445848352
447887013
568117861
919404
747422619
461596140
4966074
26862220
1892327
53742110
464500331
200027360
296173799
308276694
465304774
363772314
12083
282301029
448534
466384313
41207174
306376661
515141243
457327615
51973016
83940
303120901
1034182769
457340126
464508324
44028484
3216519
457327188
334287540
893095629
70476361
863987
515693788
275682782
462256271
123642111
46352755
66536763
956651844
670068197
137990973
507752915
731439771
457343223
592193812
9562942464
46495704
464518008
64363823
63714797
57541332
100001
117329535
71160321
521884463
446169558
2865284214
56789
456789
1530076
5296266
47872437
113894370
424242
120772
26791998
27731940
10519369
62816
1867084027
1150103377
29674844
1293050
5375620
89380
393354
11028
475424
80650
941871
1344888983
1219158
11337788
28771324
28851079
56146
11550507
28805120
11602267
2986942
1590555816
9216408
26806934
1405950
454545
58762
5851322
20376577
7019765
148174
542654
26780098
26791409
28753282
635202
26887174
45414
666666
40596
2351134499
59421129
5787118
1440803
28793810
29219245
158420
12281
227778
11350251
6941150
4554820
94342
302855331
845491513
4402152
48267
524639
2042447
1907966
11595
910759
1291822
4715295
1397546
1262165
6979379
1942351
912017
68970
53713
1517424
1008145
2004121607
106734
28534928
37384147
226710
2159368352
4321640
1282398873
6904936
26787931
37905
137299
3023399
11024
1114461
1440804
643400568
8869768
157513308
113329464
4031176
22644
3073073
11635613
29217087
1070222
96582
2338055
1293964
4033964
9562942464
26325320
2297265
2398141939
139332362
100001
68913
77046
6136999
1753123
2403347953
979797
2517077652
43172
77323
